150
75 116 1234.97
122 128 3402.92
35 36 1511.81
131 141 2847.03
72 103 4715.47
33 34 4566.15
81 106 1324.67
131 133 686.43
136 138 2385.71
72 80 4873.38
17 18 3085.77
82 133 1523.44
3 4 4528.48
81 97 1916.05
60 136 4891.69
22 23 2093.76
31 32 440.36
102 116 90.31
2 0 4550.20
87 149 960.08
77 115 2746.02
83 101 4280.99
79 80 2829.73
73 91 1558.96
112 129 938.93
88 91 4557.87
99 100 4977.19
64 114 3451.98
65 148 4390.79
111 126 902.43
77 79 2833.73
103 120 2498.56
106 118 1931.79
82 111 657.20
145 146 2217.72
79 92 828.69
141 142 3474.70
106 146 3853.69
98 148 2801.27
16 12 2219.74
66 75 1772.40
142 144 3888.01
102 139 2410.87
73 122 2217.90
122 144 1200.61
135 140 2036.96
13 14 2697.63
84 146 2270.69
110 142 895.77
88 144 379.74
115 142 4884.41
109 120 623.53
148 149 4799.68
30 31 3404.27
95 119 1791.79
69 125 3421.01
71 102 2349.60
127 146 805.93
79 144 1068.34
38 39 2412.04
128 147 2827.29
119 144 4759.53
115 116 1691.49
140 148 537.67
88 115 1331.15
117 125 1320.71
100 143 2814.18
78 79 1097.36
85 94 3140.46
62 129 1594.87
138 146 1863.79
98 109 468.35
91 120 3706.38
75 82 1209.56
60 92 471.06
101 116 1646.80
36 33 4907.85
124 136 4644.52
65 149 4256.64
144 145 3569.05
98 132 4504.68
6 7 4038.73
76 115 679.68
124 133 4116.26
110 113 146.99
124 132 3979.01
69 108 1206.47
139 147 4205.02
130 136 1478.23
25 20 157.45
139 142 452.12
115 133 3176.90
87 113 3649.76
41 42 3182.35
118 120 4647.76
45 46 875.43
73 75 3563.76
141 146 2484.64
67 130 3096.87
139 149 3593.48
120 146 154.69
76 146 1445.88
8 9 4745.86
126 141 1695.24
73 145 1190.16
84 85 1925.47
142 146 2686.74
65 110 1215.38
42 43 4190.32
73 79 1446.82
84 148 1966.71
28 26 2104.95
106 133 2904.11
87 108 288.79
116 121 2657.06
94 107 2579.92
71 104 4753.17
130 138 3030.90
10 11 3114.14
60 67 273.89
95 136 2339.04
76 92 1358.00
138 143 4192.93
78 143 4573.84
113 137 180.56
87 96 4531.11
9 10 2552.83
14 15 3277.18
76 129 2544.10
67 86 3304.26
74 93 1319.83
15 16 1886.51
140 144 2902.25
127 143 3904.18
75 106 1927.53
90 139 2866.94
107 133 765.41
20 21 4408.31
125 139 58.47
124 139 691.50
71 118 738.03
146 148 452.72
81 118 915.52
60 137 1491.58
147 148 555.50
62 141 4442.11
98 102 3230.06
26 27 4300.01
84 103 618.34
112 120 1295.93
125 129 2668.23
64 80 4612.77
123 129 642.17
83 140 4825.84
95 108 4297.30
0 1 2981.75
62 99 3284.70
140 143 1111.82
70 138 3781.63
137 138 3735.41
111 120 156.30
24 25 3125.76
7 3 2906.63
94 108 2783.44
128 129 4674.14
39 37 2868.52
1 2 3599.93
74 144 3615.30
64 103 713.52
62 106 2157.72
117 124 4413.08
53 54 2208.30
100 136 3954.98
140 146 3998.24
140 142 2520.78
4 5 842.09
141 149 2605.43
44 45 3781.56
85 140 3523.69
141 148 2898.85
50 51 3857.11
127 138 1261.30
73 102 536.41
131 132 4695.90
109 129 340.33
112 122 2146.30
143 147 292.04
51 52 3564.25
52 53 199.61
29 30 529.66
63 140 1120.47
90 102 1217.16
48 49 3857.44
124 149 946.68
113 140 2232.59
99 131 3613.80
124 141 709.03
47 48 820.55
11 8 2268.73
129 138 2419.91
54 50 2018.73
18 19 1777.83
138 147 4074.11
129 147 4884.49
125 126 4382.85
96 105 895.56
145 149 1481.72
103 145 1956.49
81 126 4817.91
146 149 4661.06
107 138 738.20
89 90 4524.80
104 134 282.74
71 142 3442.49
77 148 765.75
90 145 2445.59
139 148 4862.19
127 141 195.25
43 40 107.64
112 134 2180.63
99 106 3412.95
40 41 4333.44
123 143 1490.55
23 24 2403.60
5 6 4443.80
21 22 3081.96
89 92 390.71
133 139 4632.61
90 97 4629.46
108 119 1733.67
91 119 697.16
49 44 2366.82
126 135 4296.79
67 125 3709.84
131 147 451.79
110 114 2639.62
75 109 3223.11
80 110 1779.71
106 137 3535.48
101 114 751.00
109 136 2226.56
19 17 4131.33
91 143 1697.80
12 13 991.23
37 38 4589.68
101 125 4401.18
86 99 4774.44
73 121 1757.00
93 127 3421.80
32 29 1984.91
64 101 1128.53
27 28 4415.61
133 144 482.26
110 138 1037.25
46 47 567.44
108 121 1032.44
34 35 1928.94
69 87 2308.67
131 137 2261.11
130 145 1625.63